[gd_scene load_steps=7 format=2]

[ext_resource path="res://_Game/Scenes/Models/stg_fl_obj_metal_shroud.tscn" type="PackedScene" id=1]
[ext_resource path="res://_Game/Scenes/Models/stg_fablab.tscn" type="PackedScene" id=2]
[ext_resource path="res://_Game/Environment/env_fablab.tres" type="Environment" id=3]
[ext_resource path="res://_Game/Scenes/Models/box_filament_pack_closed.tscn" type="PackedScene" id=4]
[ext_resource path="res://_Game/Scenes/Models/chair_bar_stool_01.tscn" type="PackedScene" id=5]
[ext_resource path="res://_Game/Scenes/Models/mats_filament_roll.tscn" type="PackedScene" id=6]

[node name="FabLab" type="Spatial"]

[node name="stg_fablab" parent="." instance=ExtResource( 2 )]

[node name="bar_stool_01" parent="stg_fablab" instance=ExtResource( 5 )]
transform = Transform( 0.380296, 0, 0.924865, 0, 1, 0, -0.924865, 0, 0.380296, 1.74143, 0, -13.3241 )

[node name="mats_filament_roll" parent="stg_fablab" instance=ExtResource( 6 )]
transform = Transform( -4.37114e-08, -1, 0, 1, -4.37114e-08, 0, 0, 0, 1, 0.150628, 0.441265, -15.0016 )

[node name="box_filament_pack_closed" parent="stg_fablab" instance=ExtResource( 4 )]
transform = Transform( 0.875059, 0, 0.484016, 0, 1, 0, -0.484016, 0, 0.875059, 0.153404, 0.018001, -15.0117 )

[node name="box_filament_pack_closed2" parent="stg_fablab" instance=ExtResource( 4 )]
transform = Transform( 0.986808, 0, 0.161897, 0, 1, 0, -0.161897, 0, 0.986808, 0.153404, 0.12752, -15.0117 )

[node name="box_filament_pack_closed3" parent="stg_fablab" instance=ExtResource( 4 )]
transform = Transform( 0.942932, 0, 0.332984, 0, 1, 0, -0.332984, 0, 0.942932, 0.153404, 0.216984, -15.0117 )

[node name="box_filament_pack_closed4" parent="stg_fablab" instance=ExtResource( 4 )]
transform = Transform( 0.942932, 0, 0.332984, 0, 1, 0, -0.332984, 0, 0.942932, 0.153404, 0.310578, -15.0117 )

[node name="stg_obj_metal_shroud" parent="." instance=ExtResource( 1 )]
transform = Transform( -4.37114e-08, 0, 1, 0, 0.9666, 0, -0.956732, 0, -4.18201e-08, 0, 0, -12.466 )

[node name="WorldEnvironment" type="WorldEnvironment" parent="."]
environment = ExtResource( 3 )
