[gd_scene load_steps=72 format=2]

[ext_resource path="res://_Game/Scenes/Models/mdl_stg_fl_obj_metal_shroud.tscn" type="PackedScene" id=1]
[ext_resource path="res://_Game/Scenes/Models/mdl_stg_fablab.tscn" type="PackedScene" id=2]
[ext_resource path="res://_Game/Environment/env_fablab.tres" type="Environment" id=3]
[ext_resource path="res://_Game/Scenes/Models/mdl_box_filament_pack_closed.tscn" type="PackedScene" id=4]
[ext_resource path="res://_Game/Scenes/Models/mdl_chair_bar_stool_01.tscn" type="PackedScene" id=5]
[ext_resource path="res://_Game/Scenes/Models/mdl_mats_filament_roll.tscn" type="PackedScene" id=6]
[ext_resource path="res://_Game/Scenes/FPSController.tscn" type="PackedScene" id=7]
[ext_resource path="res://_Game/Scenes/Models/mdl_dev_3dprinter_sindoh_3dwox_1_lq.tscn" type="PackedScene" id=8]
[ext_resource path="res://_Game/Scenes/Models/mdl_table_multicolor_long.tscn" type="PackedScene" id=9]
[ext_resource path="res://_Game/Scenes/Models/mdl_sofa_long_sofa.tscn" type="PackedScene" id=10]
[ext_resource path="res://_Game/Scenes/UI/UI_Crosshair.tscn" type="PackedScene" id=11]
[ext_resource path="res://_Game/Scenes/Models/mdl_shelf_showroom.tscn" type="PackedScene" id=12]
[ext_resource path="res://_Game/Scenes/Models/mdl_door_triplets.tscn" type="PackedScene" id=13]
[ext_resource path="res://_Game/Scenes/Models/mdl_dev_vinyl_cutter.tscn" type="PackedScene" id=14]
[ext_resource path="res://_Game/Scenes/Stages/stg_fablab.gd" type="Script" id=15]
[ext_resource path="res://_Game/Scenes/Models/mdl_dev_router_rensi.tscn" type="PackedScene" id=16]
[ext_resource path="res://_Game/Scenes/Models/mdl_table_multicolor_square.tscn" type="PackedScene" id=17]
[ext_resource path="res://_Game/Scenes/UI/UI_item_info_menu.tscn" type="PackedScene" id=18]
[ext_resource path="res://_Game/Scenes/UI/UI_device_info_menu.tscn" type="PackedScene" id=19]
[ext_resource path="res://_Game/Scenes/Models/mdl_dev_laser_cutter_ani.tscn" type="PackedScene" id=20]
[ext_resource path="res://_Game/Scenes/Models/mdl_dev_sandblaster.tscn" type="PackedScene" id=21]
[ext_resource path="res://_Game/Scenes/UI/UI_main_menu.tscn" type="PackedScene" id=22]
[ext_resource path="res://_Game/Scenes/Models/mdl_itm_sign_lc_wooden_sign.tscn" type="PackedScene" id=23]
[ext_resource path="res://_Game/Scenes/Models/mdl_dev_ender_3_v2_neo.tscn" type="PackedScene" id=24]
[ext_resource path="res://_Game/Scenes/Models/mdl_dev_sewing_mch_juki_mcs_1500.tscn" type="PackedScene" id=25]
[ext_resource path="res://_Game/Scenes/Models/mdl_dev_elna_experience_520_s.tscn" type="PackedScene" id=26]
[ext_resource path="res://_Game/Scenes/Models/mdl_dev_juki_mo_654de.tscn" type="PackedScene" id=27]
[ext_resource path="res://_Game/Scenes/Models/mdl_dev_shining3d_einstar.tscn" type="PackedScene" id=28]
[ext_resource path="res://_Game/Scenes/Models/mdl_dev_phrozen_cure_xl.tscn" type="PackedScene" id=29]
[ext_resource path="res://_Game/Scenes/Models/mdl_dev_innov_is_v3_ani.tscn" type="PackedScene" id=30]
[ext_resource path="res://_Game/Scenes/Models/mdl_dev_elegoo_mars_2.tscn" type="PackedScene" id=31]
[ext_resource path="res://_Game/Scenes/Models/mdl_dev_phrozen_sonic_mega_8k.tscn" type="PackedScene" id=32]
[ext_resource path="res://_Game/Scenes/Models/mdl_itm_polygon_owl.tscn" type="PackedScene" id=33]
[ext_resource path="res://_Game/Scenes/Models/mdl_dev_basic_pc.tscn" type="PackedScene" id=34]
[ext_resource path="res://_Game/Scenes/Models/mdl_table_large_round_table.tscn" type="PackedScene" id=35]
[ext_resource path="res://_Game/Scenes/Models/mdl_chair_low_chair_green.tscn" type="PackedScene" id=36]
[ext_resource path="res://_Game/Scenes/Models/stg_fl_obj_poster_2x1_fabworldmap.tscn" type="PackedScene" id=37]
[ext_resource path="res://_Game/Scenes/Models/mdl_dev_vinyl_cutter_skinned.tscn" type="PackedScene" id=38]
[ext_resource path="res://_Game/Scenes/Models/mdl_itm_ball_animated.tscn" type="PackedScene" id=39]
[ext_resource path="res://_Game/Scenes/Models/mdl_door_simple.tscn" type="PackedScene" id=40]
[ext_resource path="res://_Game/Scenes/Models/mdl_stg_obj_safe_cabinet.tscn" type="PackedScene" id=41]
[ext_resource path="res://_Game/Scenes/Models/mdl_itm_ball_rigidbody.tscn" type="PackedScene" id=42]
[ext_resource path="res://_Game/Scenes/UI/UI_HUD.tscn" type="PackedScene" id=43]
[ext_resource path="res://_Game/Scenes/UI/UI_welcome_window.tscn" type="PackedScene" id=44]
[ext_resource path="res://_Game/Scenes/Models/mdl_mats_filament_roll_rigid.tscn" type="PackedScene" id=45]
[ext_resource path="res://_Game/Scenes/Models/mdl_stg_fl_obj_yellow_drawing_boards.tscn" type="PackedScene" id=46]
[ext_resource path="res://_Game/Scenes/Models/mdl_stg_fl_obj_metal_table.tscn" type="PackedScene" id=47]
[ext_resource path="res://_Game/Scenes/Models/mdl_stg_fl_obj_cloth_hanger.tscn" type="PackedScene" id=48]
[ext_resource path="res://_Game/Scenes/Models/mdl_stg_fl_obj_small_drawer.tscn" type="PackedScene" id=49]
[ext_resource path="res://_Game/Scenes/Models/mdl_mats_vinyl_roll_holders.tscn" type="PackedScene" id=50]
[ext_resource path="res://_Game/Scenes/Models/mdl_stg_fl_obj_cabinet_and_shelf.tscn" type="PackedScene" id=51]
[ext_resource path="res://_Game/Scenes/Models/mdl_stg_fl_doors.tscn" type="PackedScene" id=52]
[ext_resource path="res://_Game/Scenes/Models/mdl_stg_fl_door_fl_narrow_ani.tscn" type="PackedScene" id=53]
[ext_resource path="res://_Game/Scenes/Models/mdl_stg_fl_door_fl_wide_ani.tscn" type="PackedScene" id=54]
[ext_resource path="res://_Game/Scenes/Models/mdl_stg_fl_door_vault_ani.tscn" type="PackedScene" id=55]
[ext_resource path="res://_Game/Scenes/Models/mdl_table_electric_desk_corner.tscn" type="PackedScene" id=56]
[ext_resource path="res://_Game/Scenes/Models/mdl_table_electric_default.tscn" type="PackedScene" id=57]
[ext_resource path="res://_Game/Scenes/Models/mdl_itm_polygon_owl_rigid.tscn" type="PackedScene" id=58]
[ext_resource path="res://_Game/Scenes/Models/mdl_pillow_square_yellow_rigidbody.tscn" type="PackedScene" id=59]
[ext_resource path="res://_Game/Scenes/Models/mdl_pillow_multicolor_1_rigidbody.tscn" type="PackedScene" id=60]
[ext_resource path="res://_Game/Scenes/Models/mdl_pillow_square_black_rigidbody.tscn" type="PackedScene" id=61]
[ext_resource path="res://_Game/Scenes/Models/mdl_mats_vinyl_roll_rigid.tscn" type="PackedScene" id=62]
[ext_resource path="res://_Game/Scenes/Models/mdl_dev_electric_gsd_1152a-u_full.tscn" type="PackedScene" id=63]
[ext_resource path="res://_Game/Scenes/Models/mdl_dev_electric_gsd_1152a-u_partial.tscn" type="PackedScene" id=64]
[ext_resource path="res://_Game/Scenes/Models/mdl_dev_electric_spd1168x.tscn" type="PackedScene" id=65]
[ext_resource path="res://_Game/Scenes/Models/mdl_dev_electric_rtc_1004.tscn" type="PackedScene" id=66]
[ext_resource path="res://_Game/Scenes/Models/mdl_dev_electric_afg_2125.tscn" type="PackedScene" id=67]
[ext_resource path="res://_Game/Scenes/UI/UI_generic_info_menu.tscn" type="PackedScene" id=68]
[ext_resource path="res://_Game/Scenes/Models/mdl_stg_fl_obj_electric_devs_holder.tscn" type="PackedScene" id=69]
[ext_resource path="res://_Game/Scenes/Models/mdl_stg_fl_obj_small_metal_desk.tscn" type="PackedScene" id=70]
[ext_resource path="res://_Game/Scenes/Models/mdl_mats_resin_bottle_rigidbody.tscn" type="PackedScene" id=71]

[node name="FabLab" type="Spatial"]
script = ExtResource( 15 )

[node name="UI_Crosshair" parent="." instance=ExtResource( 11 )]

[node name="HUD" parent="." instance=ExtResource( 43 )]
pause_mode = 2

[node name="UI_DeviceInfoMenu" parent="." instance=ExtResource( 19 )]
visible = false

[node name="UI_ItemInfoMenu" parent="." instance=ExtResource( 18 )]
visible = false

[node name="UI_generic_info_menu" parent="." instance=ExtResource( 68 )]
visible = false

[node name="UI_WelcomeWindow" parent="." instance=ExtResource( 44 )]
pause_mode = 0
visible = false

[node name="UI_MainMenu" parent="." instance=ExtResource( 22 )]

[node name="FPSController" parent="." instance=ExtResource( 7 )]
transform = Transform( 0.707106, 0, 0.707106, 0, 1, 0, -0.707106, 0, 0.707106, 8.44715, 0, -1.05602 )
inverse_mouse = 1

[node name="stg_fablab" parent="." instance=ExtResource( 2 )]

[node name="mdl_stg_fl_door_fl_narrow_ani" parent="stg_fablab" instance=ExtResource( 53 )]

[node name="mdl_door_simple2" parent="stg_fablab" instance=ExtResource( 40 )]
transform = Transform( 1.22, 0, 0, 0, 1.02, 0, 0, 0, 1, 4.37509, -5.27096, -17.8218 )
visible = false

[node name="mdl_bar_stool_01" parent="stg_fablab" instance=ExtResource( 5 )]
transform = Transform( 0.574706, 0, 0.81836, 0, 1, 0, -0.81836, 0, 0.574706, 1.14325, 0, -14.0786 )

[node name="mdl_bar_stool_02" parent="stg_fablab" instance=ExtResource( 5 )]
transform = Transform( 0.0147652, 0, 0.999891, 0, 1, 0, -0.999891, 0, 0.0147652, 1.29559, 0, -15.1697 )

[node name="mdl_mats_filament_roll" parent="stg_fablab" instance=ExtResource( 6 )]
transform = Transform( -0.0311852, -0.999514, -1.81175e-05, 2.38355e-05, 1.73831e-05, -1, 0.999514, -0.0311852, 2.32822e-05, 0.150628, 0.454685, -15.5769 )

[node name="mdl_box_filament_pack_closed" parent="stg_fablab" instance=ExtResource( 4 )]
transform = Transform( 0.875059, 0, 0.484016, 0, 1, 0, -0.484016, 0, 0.875059, 0.153404, 0.00749162, -15.587 )

[node name="mdl_box_filament_pack_closed2" parent="stg_fablab" instance=ExtResource( 4 )]
transform = Transform( 0.986808, 0, 0.161897, 0, 1, 0, -0.161897, 0, 0.986808, 0.15438, 0.0986348, -15.5894 )

[node name="mdl_box_filament_pack_closed3" parent="stg_fablab" instance=ExtResource( 4 )]
transform = Transform( 0.942932, 0, 0.332984, 0, 1, 0, -0.332984, 0, 0.942932, 0.15438, 0.188098, -15.5894 )

[node name="mdl_box_filament_pack_closed4" parent="stg_fablab" instance=ExtResource( 4 )]
transform = Transform( 0.412864, -0.010908, 0.910727, 0.0512117, 0.998624, -0.0112553, -0.909352, 0.0512868, 0.412854, 0.15438, 0.277273, -15.5894 )

[node name="mdl_dev_3dprinter_sindoh_3dwox_1_lq" parent="stg_fablab" instance=ExtResource( 8 )]
transform = Transform( -4.37114e-08, 0, 1, 0, 1, 0, -1, 0, -4.37114e-08, 2.31942, 0.905129, -15.2903 )

[node name="mdl_dev_3dprinter_sindoh_3dwox_1_lq2" parent="stg_fablab" instance=ExtResource( 8 )]
transform = Transform( -4.37114e-08, 0, 1, 0, 1, 0, -1, 0, -4.37114e-08, 2.32051, 0.905129, -15.8102 )

[node name="mdl_dev_3dprinter_sindoh_3dwox_1_lq3" parent="stg_fablab" instance=ExtResource( 8 )]
transform = Transform( -4.37114e-08, 0, 1, 0, 1, 0, -1, 0, -4.37114e-08, 2.30722, 0.905129, -16.3613 )

[node name="mdl_obj_metal_shroud" parent="stg_fablab" instance=ExtResource( 1 )]
transform = Transform( -4.43671e-08, 0, 1, 0, 1, 0, -1.015, 0, -4.37114e-08, 0, 0, -12.221 )

[node name="mdl_table_multicolor_long_printer" parent="stg_fablab" instance=ExtResource( 9 )]
transform = Transform( 1, 0, 0, 0, 1, 0, 0, 0, 1, 1.79479, 0, -15.8392 )

[node name="mdl_table_multicolor_long_printer2" parent="stg_fablab" instance=ExtResource( 9 )]
transform = Transform( -4.37114e-08, 0, 1, 0, 1, 0, -1, 0, -4.37114e-08, 2.74734, 0, -20.3958 )

[node name="mdl_long_sofa" parent="stg_fablab" instance=ExtResource( 10 )]
transform = Transform( 1, 0, 0, 0, 1, 0, 0, 0, 1, 4.96339, 0.00620852, -5.37632 )

[node name="mdl_pillow_square_yellow_rigidbody" parent="stg_fablab" instance=ExtResource( 59 )]
transform = Transform( 0.92868, 0, -0.370882, 0, 1, 0, 0.370882, 0, 0.92868, 2.41024, 0.628572, -5.74862 )

[node name="mdl_pillow_square_yellow_rigidbody2" parent="stg_fablab" instance=ExtResource( 59 )]
transform = Transform( 0.856853, 0, -0.515562, -0.149694, 0.95692, -0.248788, 0.493351, 0.290352, 0.819939, 4.59137, 1.03716, -5.54983 )

[node name="mdl_pillow_square_black_rigidbody" parent="stg_fablab" instance=ExtResource( 61 )]
transform = Transform( 0.980318, -0.16026, 0.1153, 0.159163, 0.987075, 0.0187199, -0.116809, 0, 0.993154, 3.49332, 0.633189, -5.84906 )

[node name="mdl_pillow_square_black_rigidbody2" parent="stg_fablab" instance=ExtResource( 61 )]
transform = Transform( 0.985524, 0, 0.169539, 0, 1, 0, -0.169539, 0, 0.985524, 7.57982, 0.668672, -5.47414 )

[node name="mdl_pillow_multicolor_A_rigidbody" parent="stg_fablab" instance=ExtResource( 60 )]
transform = Transform( 0.7026, 0, -0.711585, 0, 1, 0, 0.711585, 0, 0.7026, 5.21387, 0.943031, -5.5986 )

[node name="mdl_pillow_multicolor_A_rigidbody2" parent="stg_fablab" instance=ExtResource( 60 )]
transform = Transform( 0.710908, 0.407113, 0.573471, -0.220907, 0.90341, -0.367492, -0.66769, 0.134569, 0.732176, 7.02034, 0.935086, -5.68875 )

[node name="mdl_shelf_showroom" parent="stg_fablab" instance=ExtResource( 12 )]
transform = Transform( 1, 0, 0, 0, 1, 0, 0, 0, 1, 7.82366, 0, -11.4941 )

[node name="mdl_door_triplets_01" parent="stg_fablab" instance=ExtResource( 13 )]
transform = Transform( -4.37114e-08, 0, -1, 0, 1, 0, 1, 0, -4.37114e-08, 9.30302, -0.000226378, -10.8909 )

[node name="mdl_table_multicolor_square" parent="stg_fablab" instance=ExtResource( 17 )]
transform = Transform( 1, 0, 0, 0, 1, 0, 0, 0, 1, 1.79186, 0, -13.887 )

[node name="mdl_table_multicolor_square2" parent="stg_fablab" instance=ExtResource( 17 )]
transform = Transform( -1, 0, -8.74228e-08, 0, 1, 0, 8.74228e-08, 0, -1, -1.19473, 0, -21.2456 )

[node name="mdl_table_multicolor_square3" parent="stg_fablab" instance=ExtResource( 17 )]
transform = Transform( -1, 0, -8.74228e-08, 0, 1, 0, 8.74228e-08, 0, -1, -2.37191, 0, -21.2488 )

[node name="adjust_multicolor_table_heigtht" type="Spatial" parent="stg_fablab"]
transform = Transform( 1, 0, 0, 0, 1, 0, 0, 0, 1, 0, -0.15, 0 )

[node name="mdl_table_multicolor_long_pc_03" parent="stg_fablab/adjust_multicolor_table_heigtht" instance=ExtResource( 9 )]
transform = Transform( 1, 0, 0, 0, 1, 0, 0, 0, 1, 6.98636, 0, -3.32181 )

[node name="mdl_table_multicolor_long_pc_02" parent="stg_fablab/adjust_multicolor_table_heigtht" instance=ExtResource( 9 )]
transform = Transform( 1, 0, 0, 0, 1, 0, 0, 0, 1, 2.36089, 0, -8.13363 )

[node name="mdl_table_multicolor_long_ompelu" parent="stg_fablab/adjust_multicolor_table_heigtht" instance=ExtResource( 9 )]
transform = Transform( -1, 0, -8.74228e-08, 0, 1, 0, 8.74228e-08, 0, -1, 5.35911, 0, -7.87622 )

[node name="mdl_dev_vinyl_cutter" parent="stg_fablab" instance=ExtResource( 14 )]
transform = Transform( -5.46392e-08, 0, -1.25, 0, 1.25, 0, 1.25, 0, -5.46392e-08, 1.44237, 0.911384, -15.5253 )

[node name="mdl_dev_router_rensi" parent="stg_fablab" instance=ExtResource( 16 )]
transform = Transform( 1, 0, 0, 0, 1.50936, 0, 0, 0, 1, -4.3052, 0, -19.9378 )

[node name="mdl_dev_sandblaster" parent="stg_fablab" instance=ExtResource( 21 )]
transform = Transform( 1.22624, 0, 0, 0, 1.50936, 0, 0, 0, 1, -1.62563, 0, -23.209 )

[node name="mdl_sign_lc_itm_cutter_wooden_sign" parent="stg_fablab" instance=ExtResource( 23 )]
transform = Transform( 1, 0, 0, 0, 1, 0, 0, 0, 1, 4.09117, 1.11064, -23.2477 )

[node name="mdl_dev_ender_3_v2_neo" parent="stg_fablab" instance=ExtResource( 24 )]
transform = Transform( 1, 0, 0, 0, 1, 0, 0, 0, 1, 2.09979, 0.898575, -13.9199 )

[node name="mdl_dev_shining3d_einstar" parent="stg_fablab" instance=ExtResource( 28 )]
transform = Transform( 0.916265, 0, 0.400573, 0, 1, 0, -0.400573, 0, 0.916265, 1.89662, 0.784404, -6.81806 )

[node name="mdl_dev_phrozen_cure_xl" parent="stg_fablab" instance=ExtResource( 29 )]
transform = Transform( -4.37114e-08, 0, 1, 0, 1, 0, -1, 0, -4.37114e-08, 2.02461, 0.906104, -16.9902 )

[node name="mdl_dev_sewing_mch_juki_mcs_1500" parent="stg_fablab" instance=ExtResource( 25 )]
transform = Transform( -0.162078, 0, -1.28986, 0, 1.3, 0, 1.28986, 0, -0.162078, 4.92353, 0.765346, -7.44675 )

[node name="mdl_dev_juki_mo_654de" parent="stg_fablab" instance=ExtResource( 27 )]
transform = Transform( -0.165908, 0, -0.986141, 0, 1, 0, 0.986141, 0, -0.165908, 4.90147, 0.717215, -8.5377 )

[node name="mdl_dev_elna_experience_520_s" parent="stg_fablab" instance=ExtResource( 26 )]
transform = Transform( -0.00429356, 0, 0.99999, 0, 1, 0, -0.99999, 0, -0.00429356, 5.70148, 0.744028, -8.93455 )

[node name="mdl_dev_phrozen_sonic_mega_8k" parent="stg_fablab" instance=ExtResource( 32 )]
transform = Transform( -0.0134908, 3.19443e-05, -0.999909, -0.000116186, 1, 3.35129e-05, 0.999909, 0.000116626, -0.0134908, 8.88668, 0.933646, -21.8925 )

[node name="mdl_dev_elegoo_mars_2" parent="stg_fablab" instance=ExtResource( 31 )]
transform = Transform( -0.011327, 0, -0.999936, 0, 1, 0, 0.999936, 0, -0.011327, 8.88994, 0.895692, -22.7567 )

[node name="mdl_itm_polygon_owl" parent="stg_fablab" instance=ExtResource( 33 )]
transform = Transform( 1, 0, 0, 0, 1, 0, 0, 0, 1, 7.64025, 1.38606, -11.543 )

[node name="mdl_dev_basic_pc" parent="stg_fablab" instance=ExtResource( 34 )]
transform = Transform( -1.74418e-05, 0, -1, 0, 1, 0, 1, 0, -1.74418e-05, 2.07837, 0.754658, -7.42502 )

[node name="mdl_dev_basic_pc2" parent="stg_fablab" instance=ExtResource( 34 )]
transform = Transform( -1.74418e-05, 0, -1, 0, 1, 0, 1, 0, -1.74418e-05, 2.07837, 0.754658, -8.50674 )

[node name="mdl_dev_basic_pc3" parent="stg_fablab" instance=ExtResource( 34 )]
transform = Transform( 0.0361728, 0, 0.999346, 0, 1, 0, -0.999346, 0, 0.0361728, 2.52882, 0.754658, -8.25225 )

[node name="mdl_dev_basic_pc4" parent="stg_fablab" instance=ExtResource( 34 )]
transform = Transform( 0.0361728, 0, 0.999346, 0, 1, 0, -0.999346, 0, 0.0361728, 2.58852, 0.754658, -7.19693 )

[node name="mdl_dev_basic_pc5" parent="stg_fablab" instance=ExtResource( 34 )]
transform = Transform( 0.0361728, 0, 0.999346, 0, 1, 0, -0.999346, 0, 0.0361728, 7.27175, 0.754658, -4.1628 )

[node name="mdl_dev_basic_pc7" parent="stg_fablab" instance=ExtResource( 34 )]
transform = Transform( 0.0896243, 0, -0.995976, 0, 1, 0, 0.995976, 0, 0.0896243, 6.68394, 0.754658, -4.1628 )

[node name="mdl_dev_basic_pc8" parent="stg_fablab" instance=ExtResource( 34 )]
transform = Transform( 0.0896243, 0, -0.995976, 0, 1, 0, 0.995976, 0, 0.0896243, 6.68394, 0.754658, -3.01001 )

[node name="mdl_dev_basic_pc6" parent="stg_fablab" instance=ExtResource( 34 )]
transform = Transform( 0.0361728, 0, 0.999346, 0, 1, 0, -0.999346, 0, 0.0361728, 7.28563, 0.754658, -2.98796 )

[node name="mdl_table_large_round_table" parent="stg_fablab" instance=ExtResource( 35 )]
transform = Transform( 1, 0, 0, 0, 1, 0, 0, 0, 1, 4.73047, 0, -2.38075 )

[node name="mdl_table_large_round_table2" parent="stg_fablab" instance=ExtResource( 35 )]
transform = Transform( 1, 0, 0, 0, 1, 0, 0, 0, 1, 4.72127, 0, -4.12413 )

[node name="mdl_table_large_round_table5" parent="stg_fablab" instance=ExtResource( 35 )]
transform = Transform( 1, 0, 0, 0, 1, 0, 0, 0, 1, 2.66718, 0.00397015, -2.43402 )

[node name="mdl_chair_low_chair_green" parent="stg_fablab" instance=ExtResource( 36 )]
transform = Transform( 0.952177, 0, 0.305546, 0, 1, 0, -0.305546, 0, 0.952177, 2.35405, 0, -3.32342 )

[node name="mdl_chair_low_chair_green2" parent="stg_fablab" instance=ExtResource( 36 )]
transform = Transform( -0.197863, 0, 0.98023, 0, 1, 0, -0.98023, 0, -0.197863, 4.09718, 0, -4.07557 )

[node name="mdl_chair_low_chair_green3" parent="stg_fablab" instance=ExtResource( 36 )]
transform = Transform( 0.44462, 0, 0.89572, 0, 1, 0, -0.89572, 0, 0.44462, 4.09718, 0, -2.6424 )

[node name="mdl_chair_low_chair_green4" parent="stg_fablab" instance=ExtResource( 36 )]
transform = Transform( -0.454395, 0, -0.8908, 0, 1, 0, 0.8908, 0, -0.454395, 3.2026, 0, -2.12259 )

[node name="mdl_chair_low_chair_green5" parent="stg_fablab" instance=ExtResource( 36 )]
transform = Transform( -0.454395, 0, -0.8908, 0, 1, 0, 0.8908, 0, -0.454395, 5.41145, 0, -2.03541 )

[node name="mdl_chair_low_chair_green6" parent="stg_fablab" instance=ExtResource( 36 )]
transform = Transform( 0.777815, 0, -0.628493, 0, 1, 0, 0.628493, 0, 0.777815, 5.2097, 0, -2.88483 )

[node name="mdl_chair_low_chair_green7" parent="stg_fablab" instance=ExtResource( 36 )]
transform = Transform( 0.124762, 0, -0.992187, 0, 1, 0, 0.992187, 0, 0.124762, 5.28541, 0, -4.27961 )

[node name="mdl_dev_embroidery_brother_inno_v3" parent="stg_fablab" instance=ExtResource( 30 )]
transform = Transform( -0.00216417, 0, 0.999998, 0, 1, 0, -0.999998, 0, -0.00216417, 5.70258, 0.759783, -7.65924 )

[node name="mdl_vinyl_cutter_skinned" parent="stg_fablab" instance=ExtResource( 38 )]
transform = Transform( 0.347247, 0, -0.937774, 0, 1, 0, 0.937774, 0, 0.347247, 1.54488, 0.908719, -13.9353 )

[node name="mdl_dev_laser_cutter_ani" parent="stg_fablab" instance=ExtResource( 20 )]
transform = Transform( 1, 0, 0, 0, 1, 0, 0, 0, 1, 4.50365, -0.00203678, -22.8161 )

[node name="mdl_stg_fl_obj_metal_table" parent="stg_fablab" instance=ExtResource( 47 )]
transform = Transform( 1, 0, 0, 0, 1, 0, 0, 0, 1, 8.2963, 0, -12.4932 )

[node name="mdl_stg_fl_obj_metal_table2" parent="stg_fablab" instance=ExtResource( 47 )]
transform = Transform( -4.37114e-08, 0, 1, 0, 1, 0, -1, 0, -4.37114e-08, 8.98639, 0, -22.6469 )

[node name="mdl_stg_obj_safe_cabinet" parent="stg_fablab" instance=ExtResource( 41 )]
transform = Transform( 1, 0, 0, 0, 1, 0, 0, 0, 1, 4.68353, 0.0156662, -0.0117316 )

[node name="mdl_stg_fl_obj_yellow_drawing_boards" parent="stg_fablab" instance=ExtResource( 46 )]
transform = Transform( 1, 0, 0, 0, 1, 0, 0, 0, 1, 4.473, 0.0156662, -0.00142872 )

[node name="mdl_stg_fl_obj_cloth_hanger" parent="stg_fablab" instance=ExtResource( 48 )]
transform = Transform( -4.37114e-08, 0, 1, 0, 1, 0, -1, 0, -4.37114e-08, 6.28644, 0, -12.5243 )

[node name="mdl_stg_fl_obj_small_drawer" parent="stg_fablab" instance=ExtResource( 49 )]
transform = Transform( 1, 0, 0, 0, 1, 0, 0, 0, 1, -0.970295, -0.00242323, -12.3075 )

[node name="mdl_stg_fl_obj_small_drawer2" parent="stg_fablab" instance=ExtResource( 49 )]
transform = Transform( -1, 0, 0, 0, 1, 0, 0, 0, 1, -1.39287, -0.00242323, -12.3075 )

[node name="mdl_stg_fl_obj_small_drawer3" parent="stg_fablab" instance=ExtResource( 49 )]
transform = Transform( 1, 0, 0, 0, 1, 0, 0, 0, 1, -1.81487, -0.00242323, -12.3075 )

[node name="mdl_mats_vinyl_roll_holders" parent="stg_fablab" instance=ExtResource( 50 )]
transform = Transform( -4.37114e-08, 0, 1, 0, 1, 0, -1, 0, -4.37114e-08, 0.00720668, 0.00699062, -15.2214 )

[node name="mdl_stg_fl_obj_cabinet_and_shelf" parent="stg_fablab" instance=ExtResource( 51 )]

[node name="mdl_stg_fl_doors" parent="stg_fablab" instance=ExtResource( 52 )]

[node name="mdl_stg_fl_door_fl_wide_ani" parent="stg_fablab" instance=ExtResource( 54 )]

[node name="mdl_stg_fl_door_vault_ani" parent="stg_fablab" instance=ExtResource( 55 )]

[node name="stg_fl_obj_poster_2x1" parent="stg_fablab" instance=ExtResource( 37 )]
transform = Transform( -1, 0, -8.74228e-08, 0, 1, 0, 8.74228e-08, 0, -1, -3.089, 1.69559, -11.8509 )

[node name="mdl_table_electric_default" parent="stg_fablab" instance=ExtResource( 57 )]
transform = Transform( 1, 0, 0, 0, 1, 0, 0, 0, 1, -2.92151, 0.00589818, -14.9772 )

[node name="mdl_table_electric_default2" parent="stg_fablab" instance=ExtResource( 57 )]
transform = Transform( -1, 0, 0, 0, 1, 0, 0, 0, 1, -4.72647, 0.00589818, -14.9772 )

[node name="mdl_table_electric_default3" parent="stg_fablab" instance=ExtResource( 57 )]
transform = Transform( 1, 0, 0, 0, 1, 0, 0, 0, -1, -2.92774, 0.00589818, -15.7908 )

[node name="mdl_table_electric_default4" parent="stg_fablab" instance=ExtResource( 57 )]
transform = Transform( -1, 0, 0, 0, 1, 0, 0, 0, -1, -4.73271, 0.00589818, -15.7908 )

[node name="mdl_table_electric_desk_corner" parent="stg_fablab" instance=ExtResource( 56 )]
transform = Transform( 1, 0, 0, 0, 1, 0, 0, 0, 1, -5.01, 0, -12.6543 )

[node name="mdl_stg_fl_obj_electric_devs_holder" parent="stg_fablab" instance=ExtResource( 69 )]
transform = Transform( 1, 0, 0, 0, 1, 0, 0, 0, 1, -2.94155, 0.755912, -15.1907 )

[node name="mdl_dev_electric_afg_2125" parent="stg_fablab/mdl_stg_fl_obj_electric_devs_holder" instance=ExtResource( 67 )]
transform = Transform( 1, 0, 0, 0, 0.987075, 0.16026, 0, -0.16026, 0.987075, 0.305073, 0.0916417, 0.0354357 )

[node name="mdl_dev_electric_gsd_1152a-u" parent="stg_fablab/mdl_stg_fl_obj_electric_devs_holder" instance=ExtResource( 64 )]
transform = Transform( 1, 0, 0, 0, 0.985621, 0.168971, 0, -0.168971, 0.985621, -0.274149, 0.151955, 0.111094 )

[node name="mdl_dev_electric_spd1168x" parent="stg_fablab/mdl_stg_fl_obj_electric_devs_holder" instance=ExtResource( 65 )]
transform = Transform( 1, 0, 0, 0, 0.985351, 0.170536, 0, -0.170536, 0.985351, 0.0390558, 0.0592001, 0.0611076 )

[node name="mdl_dev_electric_rtc_1004" parent="stg_fablab" instance=ExtResource( 66 )]
transform = Transform( 1, 0, 0, 0, 1, 0, 0, 0, 1, -3.7144, 0.761331, -15.1417 )

[node name="mdl_dev_electric_gsd_1152a-u" parent="stg_fablab" instance=ExtResource( 63 )]
transform = Transform( 1, 0, 0, 0, 0.989124, 0.147084, 0, -0.147084, 0.989124, -4.24434, 0.836432, -15.1326 )

[node name="mdl_dev_electric_spd1168x" parent="stg_fablab" instance=ExtResource( 65 )]
transform = Transform( -0.994362, 0, 0.106039, 0, 1, 0, -0.106039, 0, -0.994362, -3.93901, 0.749512, -15.5172 )

[node name="mdl_dev_electric_afg_2125" parent="stg_fablab" instance=ExtResource( 67 )]
transform = Transform( -0.95299, -0.101054, 0.285654, 0, 0.942746, 0.333511, -0.303002, 0.317832, -0.898428, -4.2994, 0.7902, -15.5251 )

[node name="mdl_stg_fl_obj_small_metal_desk" parent="stg_fablab" instance=ExtResource( 70 )]
transform = Transform( 1, 0, 0, 0, 1, 0, 0, 0, 1, 3.04672, -0.00608277, -23.2969 )

[node name="mdl_dev_basic_pc" parent="stg_fablab/mdl_stg_fl_obj_small_metal_desk" instance=ExtResource( 34 )]
transform = Transform( 1, 0, 0, 0, 1, 0, 0, 0, 1, -0.05531, 0.876055, 0.0313663 )

[node name="mdl_stg_fl_obj_small_metal_desk2" parent="stg_fablab" instance=ExtResource( 70 )]
transform = Transform( 0.00933748, 0, 0.999956, 0, 1, 0, -0.999956, 0, 0.00933748, -2.98931, -0.00608277, -18.6821 )

[node name="mdl_dev_basic_pc" parent="stg_fablab/mdl_stg_fl_obj_small_metal_desk2" instance=ExtResource( 34 )]
transform = Transform( 1, 0, 0, 0, 1, 0, 0, 0, 1, -0.05531, 0.876055, 0.0176182 )

[node name="mdl_itm_ball_rigidbody" parent="." instance=ExtResource( 42 )]
transform = Transform( 1, 0, 0, 0, 1, 0, 0, 0, 1, 1.7935, 0.214577, -10.6652 )

[node name="mdl_mats_filament_roll_rigid" parent="." instance=ExtResource( 45 )]
transform = Transform( 0.0168067, 0.999859, 0, -0.999859, 0.0168067, 0, 0, 0, 1, 2.24702, 0.948778, -13.5893 )

[node name="mdl_itm_polygon_owl_rigid" parent="." instance=ExtResource( 58 )]
transform = Transform( -0.449303, 0, 0.893379, 0, 1, 0, -0.893379, 0, -0.449303, 1.99632, 0.878661, -9.3117 )

[node name="mdl_mats_vinyl_roll_rigid" parent="." instance=ExtResource( 62 )]
transform = Transform( 0.750157, 0, -0.661259, 0, 1, 0, 0.661259, 0, 0.750157, 1.9335, 0.96066, -14.5718 )

[node name="mdl_mats_filament_roll_rigid2" parent="." instance=ExtResource( 45 )]
transform = Transform( -4.37114e-08, 1, 0, -1, -4.37114e-08, 0, 0, 0, 1, 2.60501, 0.79187, -9.23527 )

[node name="mdl_mats_resin_bottle_rigidbody" parent="." instance=ExtResource( 71 )]
transform = Transform( -0.790615, 0, -0.612314, 0, 1, 0, 0.612314, 0, -0.790615, 8.8457, 0.994628, -22.3875 )

[node name="mdl_itm_ball_animated" parent="." instance=ExtResource( 39 )]
transform = Transform( 1, 0, 0, 0, 1, 0, 0, 0, 1, 4.69225, 1.10707, -2.36782 )

[node name="Camera" type="Camera" parent="."]
transform = Transform( 1, 0, 0, 0, 1, 0, 0, 0, 1, 6.6447, 1.10859, -5.16481 )
far = 30.0

[node name="WorldEnvironment" type="WorldEnvironment" parent="."]
environment = ExtResource( 3 )
