[gd_scene load_steps=9 format=2]

[ext_resource path="res://_Game/Scenes/Models/stg_fl_obj_metal_shroud.tscn" type="PackedScene" id=1]
[ext_resource path="res://_Game/Scenes/Models/stg_fablab.tscn" type="PackedScene" id=2]
[ext_resource path="res://_Game/Environment/env_fablab.tres" type="Environment" id=3]
[ext_resource path="res://_Game/Scenes/Models/box_filament_pack_closed.tscn" type="PackedScene" id=4]
[ext_resource path="res://_Game/Scenes/Models/chair_bar_stool_01.tscn" type="PackedScene" id=5]
[ext_resource path="res://_Game/Scenes/Models/mats_filament_roll.tscn" type="PackedScene" id=6]

[sub_resource type="SphereMesh" id=1]

[sub_resource type="SphereShape" id=2]
margin = 0.198
radius = 0.188198

[node name="FabLab" type="Spatial"]

[node name="stg_fablab" parent="." instance=ExtResource( 2 )]

[node name="bar_stool_01" parent="stg_fablab" instance=ExtResource( 5 )]
transform = Transform( 0.380296, 0, 0.924865, 0, 1, 0, -0.924865, 0, 0.380296, 1.74143, 0, -13.3241 )

[node name="mats_filament_roll" parent="stg_fablab" instance=ExtResource( 6 )]
transform = Transform( -0.0311852, -0.999514, -1.81175e-05, 2.38355e-05, 1.73831e-05, -1, 0.999514, -0.0311852, 2.32822e-05, 0.150628, 0.454685, -15.0016 )

[node name="box_filament_pack_closed" parent="stg_fablab" instance=ExtResource( 4 )]
transform = Transform( 0.875059, 0, 0.484016, 0, 1, 0, -0.484016, 0, 0.875059, 0.153404, 0.00749162, -15.0117 )

[node name="box_filament_pack_closed2" parent="stg_fablab" instance=ExtResource( 4 )]
transform = Transform( 0.986808, 0, 0.161897, 0, 1, 0, -0.161897, 0, 0.986808, 0.15438, 0.0986348, -15.0141 )

[node name="box_filament_pack_closed3" parent="stg_fablab" instance=ExtResource( 4 )]
transform = Transform( 0.942932, 0, 0.332984, 0, 1, 0, -0.332984, 0, 0.942932, 0.15438, 0.188098, -15.0141 )

[node name="box_filament_pack_closed4" parent="stg_fablab" instance=ExtResource( 4 )]
transform = Transform( 0.412864, -0.010908, 0.910727, 0.0512117, 0.998624, -0.0112553, -0.909352, 0.0512868, 0.412854, 0.15438, 0.277273, -15.0141 )

[node name="stg_obj_metal_shroud" parent="." instance=ExtResource( 1 )]
transform = Transform( -4.37114e-08, 0, 1, 0, 0.9666, 0, -0.956732, 0, -4.18201e-08, 0, 0, -12.466 )

[node name="RigidBody" type="RigidBody" parent="."]
transform = Transform( 1, 0, 0, 0, 1, 0, 0, 0, 1, 1.95357, 1.80806, -13.2208 )
collision_layer = 2147483649
collision_mask = 2147483649
can_sleep = false

[node name="MeshInstance" type="MeshInstance" parent="RigidBody"]
transform = Transform( 0.2, 0, 0, 0, 0.2, 0, 0, 0, 0.2, 0, 0, 0 )
mesh = SubResource( 1 )
skeleton = NodePath("../..")

[node name="CollisionShape" type="CollisionShape" parent="RigidBody"]
shape = SubResource( 2 )

[node name="Camera" type="Camera" parent="."]
transform = Transform( 1, 0, 0, 0, 1, 0, 0, 0, 1, 2.43282, 1.10859, -5.16481 )

[node name="WorldEnvironment" type="WorldEnvironment" parent="Camera"]
environment = ExtResource( 3 )
