[gd_scene load_steps=16 format=2]

[ext_resource path="res://_Game/Scenes/Models/mdl_stg_fl_obj_metal_shroud.tscn" type="PackedScene" id=1]
[ext_resource path="res://_Game/Scenes/Models/mdl_stg_fablab.tscn" type="PackedScene" id=2]
[ext_resource path="res://_Game/Environment/env_fablab.tres" type="Environment" id=3]
[ext_resource path="res://_Game/Scenes/Models/mdl_box_filament_pack_closed.tscn" type="PackedScene" id=4]
[ext_resource path="res://_Game/Scenes/Models/mdl_chair_bar_stool_01.tscn" type="PackedScene" id=5]
[ext_resource path="res://_Game/Scenes/Models/mdl_mats_filament_roll.tscn" type="PackedScene" id=6]
[ext_resource path="res://_Game/Scenes/FPSController.tscn" type="PackedScene" id=7]
[ext_resource path="res://_Game/Scenes/Models/mdl_mch_3dprinter_shindow_3dwox_1_lq.tscn" type="PackedScene" id=8]
[ext_resource path="res://_Game/Scenes/Models/mdl_table_multicolor_long.tscn" type="PackedScene" id=9]
[ext_resource path="res://_Game/Scenes/Models/mdl_sofa_long_sofa.tscn" type="PackedScene" id=10]
[ext_resource path="res://_Game/Scenes/UI/UI_Crosshair.tscn" type="PackedScene" id=11]
[ext_resource path="res://_Game/Scenes/Models/mdl_shelf_showroom.tscn" type="PackedScene" id=12]
[ext_resource path="res://_Game/Scenes/Models/mdl_door_triplets.tscn" type="PackedScene" id=13]

[sub_resource type="SphereMesh" id=1]

[sub_resource type="SphereShape" id=2]
margin = 0.198
radius = 0.188198

[node name="FabLab" type="Spatial"]

[node name="Crosshair" parent="." instance=ExtResource( 11 )]

[node name="FPSController" parent="." instance=ExtResource( 7 )]
transform = Transform( 0.139087, 0, 0.99028, 0, 1, 0, -0.99028, 0, 0.139087, 3.73036, 0, -15.3207 )

[node name="stg_fablab" parent="." instance=ExtResource( 2 )]

[node name="bar_stool_01" parent="stg_fablab" instance=ExtResource( 5 )]
transform = Transform( 0.380296, 0, 0.924865, 0, 1, 0, -0.924865, 0, 0.380296, 1.04165, 0, -13.9358 )

[node name="bar_stool_02" parent="stg_fablab" instance=ExtResource( 5 )]
transform = Transform( 0.0147652, 0, 0.999891, 0, 1, 0, -0.999891, 0, 0.0147652, 1.29179, 0, -15.0361 )

[node name="mats_filament_roll" parent="stg_fablab" instance=ExtResource( 6 )]
transform = Transform( -0.0311852, -0.999514, -1.81175e-05, 2.38355e-05, 1.73831e-05, -1, 0.999514, -0.0311852, 2.32822e-05, 0.150628, 0.454685, -15.0016 )

[node name="box_filament_pack_closed" parent="stg_fablab" instance=ExtResource( 4 )]
transform = Transform( 0.875059, 0, 0.484016, 0, 1, 0, -0.484016, 0, 0.875059, 0.153404, 0.00749162, -15.0117 )

[node name="box_filament_pack_closed2" parent="stg_fablab" instance=ExtResource( 4 )]
transform = Transform( 0.986808, 0, 0.161897, 0, 1, 0, -0.161897, 0, 0.986808, 0.15438, 0.0986348, -15.0141 )

[node name="box_filament_pack_closed3" parent="stg_fablab" instance=ExtResource( 4 )]
transform = Transform( 0.942932, 0, 0.332984, 0, 1, 0, -0.332984, 0, 0.942932, 0.15438, 0.188098, -15.0141 )

[node name="box_filament_pack_closed4" parent="stg_fablab" instance=ExtResource( 4 )]
transform = Transform( 0.412864, -0.010908, 0.910727, 0.0512117, 0.998624, -0.0112553, -0.909352, 0.0512868, 0.412854, 0.15438, 0.277273, -15.0141 )

[node name="mch_3dprinter_shindow_3dwox_1_lq" parent="stg_fablab" instance=ExtResource( 8 )]
transform = Transform( -4.37114e-08, 0, 1, 0, 1, 0, -1, 0, -4.37114e-08, 2.22203, 0.903169, -15.3065 )

[node name="mch_3dprinter_shindow_3dwox_1_lq2" parent="stg_fablab" instance=ExtResource( 8 )]
transform = Transform( -4.37114e-08, 0, 1, 0, 1, 0, -1, 0, -4.37114e-08, 2.22312, 0.903169, -15.8264 )

[node name="mch_3dprinter_shindow_3dwox_1_lq3" parent="stg_fablab" instance=ExtResource( 8 )]
transform = Transform( -4.37114e-08, 0, 1, 0, 1, 0, -1, 0, -4.37114e-08, 2.20983, 0.903169, -16.3775 )

[node name="stg_obj_metal_shroud" parent="stg_fablab" instance=ExtResource( 1 )]
transform = Transform( -4.13073e-08, 0, 1, 0, 0.957, 0, -0.945, 0, -4.37114e-08, 0, 0, -12.4823 )

[node name="mdl_table_printer" parent="stg_fablab" instance=ExtResource( 9 )]
transform = Transform( 1, 0, 0, 0, 1, 0, 0, 0, 1, 1.88175, 0, -14.3485 )

[node name="mdl_long_sofa" parent="stg_fablab" instance=ExtResource( 10 )]
transform = Transform( 1, 0, 0, 0, 1, 0, 0, 0, 1, 4.57742, 0, -4.56769 )

[node name="mdl_shelf_showroom" parent="stg_fablab" instance=ExtResource( 12 )]
transform = Transform( 1, 0, 0, 0, 1, 0, 0, 0, 1, 7.85828, 0, -11.4941 )

[node name="mdl_door_triplets_01" parent="stg_fablab" instance=ExtResource( 13 )]
transform = Transform( -4.37114e-08, 0, -1, 0, 1, 0, 1, 0, -4.37114e-08, 9.29146, 0, -10.4222 )

[node name="collision_test_object" type="RigidBody" parent="."]
transform = Transform( 1, 0, 0, 0, 1, 0, 0, 0, 1, 1.95357, 1.80806, -13.2208 )
collision_layer = 2147483649
collision_mask = 2147483649
can_sleep = false

[node name="MeshInstance" type="MeshInstance" parent="collision_test_object"]
transform = Transform( 0.2, 0, 0, 0, 0.2, 0, 0, 0, 0.2, 0, 0, 0 )
mesh = SubResource( 1 )
skeleton = NodePath("../..")

[node name="CollisionShape" type="CollisionShape" parent="collision_test_object"]
shape = SubResource( 2 )

[node name="Camera" type="Camera" parent="."]
transform = Transform( 1, 0, 0, 0, 1, 0, 0, 0, 1, 6.6447, 1.10859, -5.16481 )
far = 30.0

[node name="WorldEnvironment" type="WorldEnvironment" parent="."]
environment = ExtResource( 3 )
