[gd_scene load_steps=7 format=2]

[ext_resource path="res://_Game/Models/stg_fl_obj_desk_chair_1/stg_fl_obj_desk_chair_1_simple.glb" type="PackedScene" id=1]
[ext_resource path="res://_Game/Models/stg_fl_obj_desk_chair_1/mat_stg_fl_obj_desk_chair_1.tres" type="Material" id=2]

[sub_resource type="BoxShape" id=1]
extents = Vector3( 0.192941, 0.04, 0.218331 )

[sub_resource type="BoxShape" id=2]
extents = Vector3( 0.176273, 0.03, 0.19615 )

[sub_resource type="CylinderShape" id=3]
height = 0.0646973
radius = 0.0359892

[sub_resource type="CylinderShape" id=4]
height = 0.4
radius = 0.02

[node name="stg_fl_obj_desk_chair_1_simple" instance=ExtResource( 1 )]

[node name="chair" parent="." index="0"]
material/0 = ExtResource( 2 )

[node name="StaticBody" type="StaticBody" parent="." index="1"]
collision_layer = 3

[node name="CollisionShape" type="CollisionShape" parent="StaticBody" index="0"]
transform = Transform( 1, 0, 0, 0, 1, 0, 0, 0, 1, 0, 0.405548, 0.0430274 )
shape = SubResource( 1 )

[node name="CollisionShape2" type="CollisionShape" parent="StaticBody" index="1"]
transform = Transform( 1, 0, 0, 0, 0.153141, -0.988204, 0, 0.988204, 0.153141, 0, 0.571231, -0.187294 )
shape = SubResource( 2 )

[node name="CollisionShape3" type="CollisionShape" parent="StaticBody" index="2"]
transform = Transform( 1, 0, 0, 0, 1, 0, 0, 0, 1, 0.197083, 0.03316, 0.196293 )
shape = SubResource( 3 )

[node name="CollisionShape4" type="CollisionShape" parent="StaticBody" index="3"]
transform = Transform( 1, 0, 0, 0, 1, 0, 0, 0, 1, 0.193, 0.033, -0.196 )
shape = SubResource( 3 )

[node name="CollisionShape5" type="CollisionShape" parent="StaticBody" index="4"]
transform = Transform( 1, 0, 0, 0, 1, 0, 0, 0, 1, -0.199399, 0.033, -0.197034 )
shape = SubResource( 3 )

[node name="CollisionShape6" type="CollisionShape" parent="StaticBody" index="5"]
transform = Transform( 1, 0, 0, 0, 1, 0, 0, 0, 1, -0.199869, 0.033, 0.195596 )
shape = SubResource( 3 )

[node name="CollisionShape7" type="CollisionShape" parent="StaticBody" index="6"]
transform = Transform( 0.847208, -0.5183, -0.11664, 0.340678, 0.698494, -0.62932, 0.407649, 0.493428, 0.768343, 0.0973373, 0.206907, -0.101423 )
shape = SubResource( 4 )

[node name="CollisionShape8" type="CollisionShape" parent="StaticBody" index="7"]
transform = Transform( 0.859488, -0.502687, 0.0926636, 0.340678, 0.698494, 0.62932, -0.381076, -0.509325, 0.771602, 0.098018, 0.202505, 0.0986663 )
shape = SubResource( 4 )

[node name="CollisionShape9" type="CollisionShape" parent="StaticBody" index="8"]
transform = Transform( 0.369718, 0.515904, -0.772756, 0.340678, 0.698494, 0.62932, 0.864435, -0.495932, 0.0824883, -0.103564, 0.19513, 0.104493 )
shape = SubResource( 4 )

[node name="CollisionShape10" type="CollisionShape" parent="StaticBody" index="9"]
transform = Transform( -0.851653, 0.512825, -0.108158, 0.340678, 0.698494, 0.62932, 0.398279, 0.499115, -0.769583, -0.0929794, 0.205307, -0.096167 )
shape = SubResource( 4 )
