[gd_scene load_steps=7 format=2]

[ext_resource path="res://_Game/Models/sofa_long_sofa/mdl_sofa_long_sofa.glb" type="PackedScene" id=1]
[ext_resource path="res://_Game/Models/sofa_long_sofa/Materials/mat_sofa_long_sofa.tres" type="Material" id=2]
[ext_resource path="res://_Game/Scenes/Models/mdl_pillow_square_yellow.tscn" type="PackedScene" id=3]
[ext_resource path="res://_Game/Scenes/Models/mdl_pillow_square_black.tscn" type="PackedScene" id=4]
[ext_resource path="res://_Game/Scenes/Models/mdl_pillow_multicolor_1.tscn" type="PackedScene" id=5]

[sub_resource type="BoxShape" id=1]
extents = Vector3( 3.16577, 0.479161, 0.438575 )

[node name="mdl_sofa_long_sofa" instance=ExtResource( 1 )]

[node name="mdl_sofa_long_sofa" parent="." index="0"]
material/0 = ExtResource( 2 )

[node name="StaticBody" type="StaticBody" parent="." index="1"]
transform = Transform( 1, 0, 0, 0, 1, 0, 0, 0, 1, 0, 0.369521, -0.438177 )

[node name="CollisionShape" type="CollisionShape" parent="StaticBody" index="0"]
shape = SubResource( 1 )

[node name="pillows" type="Spatial" parent="." index="2"]

[node name="mdl_pillow_multicolor_A" parent="pillows" index="0" instance=ExtResource( 5 )]
transform = Transform( -0.999564, -0.0151446, 0.0253338, 0.00694773, 0.713476, 0.700645, -0.0286861, 0.700516, -0.71306, -0.347164, 0.585543, -0.464977 )

[node name="mdl_pillow_multicolor_A3" parent="pillows" index="1" instance=ExtResource( 5 )]
transform = Transform( 1, 0, 0, 0, 1, 0, 0, 0, 1, -2.29692, 0.545928, -0.529813 )

[node name="mdl_pillow_multicolor_A2" parent="pillows" index="2" instance=ExtResource( 5 )]
transform = Transform( -0.983333, 0.181812, -0.000986574, 0.180335, 0.974629, -0.132581, -0.0231431, -0.130549, -0.991172, -1.34439, 0.559406, -0.464977 )

[node name="mdl_pillow_square_yellow3" parent="pillows" index="3" instance=ExtResource( 3 )]
transform = Transform( 0.546657, 0.837356, 0, -0.837356, 0.546657, 0, 0, 0, 1, -2.87462, 0.674496, -0.462578 )

[node name="mdl_pillow_square_yellow4" parent="pillows" index="4" instance=ExtResource( 3 )]
transform = Transform( 0.869857, 0, -0.493304, 0, 1, 0, 0.493304, 0, 0.869857, -1.67623, 0.513495, -0.480429 )

[node name="mdl_pillow_square_yellow5" parent="pillows" index="5" instance=ExtResource( 3 )]
transform = Transform( 1, 0, 0, 0, 0.218143, -0.975917, 0, 0.975917, 0.218143, -0.444775, 0.664321, -0.609334 )

[node name="mdl_pillow_square_black" parent="pillows" index="6" instance=ExtResource( 4 )]
transform = Transform( 0.979116, 0.118253, -0.165369, -0.202109, 0.654105, -0.728902, 0.0219739, 0.747103, 0.664345, -0.946117, 0.695887, -0.561317 )

[node name="mdl_pillow_square_black2" parent="pillows" index="7" instance=ExtResource( 4 )]
transform = Transform( 0.989653, -0.057025, -0.131661, -0.00698496, 0.897391, -0.44118, 0.14331, 0.437535, 0.887708, -1.93004, 0.591203, -0.330134 )

[node name="mdl_pillow_square_black3" parent="pillows" index="8" instance=ExtResource( 4 )]
transform = Transform( 0.982847, -0.108938, -0.148808, -0.0810793, 0.469486, -0.879209, 0.165642, 0.876194, 0.4526, 1.47497, 0.673952, -0.568151 )
